//Original r, e
[[116.0, 430.0, -42.0, 278.0], [-240.0, -775.0, 119.0, -433.0], [128.0, 236.0, -28.0, 160.0], [24.0, 277.0, -105.0, 163.0]] 
[[116.0, -430.0, -42.0, -278.0], [240.0, -775.0, -119.0, -433.0], [128.0, -236.0, -28.0, -160.0], [-24.0, 277.0, 105.0, 163.0]]

//With -s applied r, e
[[116.0, -430.0, -42.0, -278.0], [240.0, 775.0, -119.0, 433.0], [-128.0, -236.0, 28.0, -160.0], [-24.0, -277.0, 105.0, -163.0]]
[[116.0, -430.0, -42.0, -278.0], [240.0, -775.0, -119.0, -433.0], [128.0, -236.0, -28.0, -160.0], [-24.0, 277.0, 105.0, 163.0]] 

0 0 116     SAME      (0 * 4) + 0 EVEN
0 1 430     SWAPPED
0 2 -42     SAME
0 3 278     SWAPPED
1 0 -240    SWAPPED   (1 * 4) + 0 EVEN
1 1 -775    SAME
1 2 119     SWAPPED
1 3 -433    SAME
2 0 128     SAME
2 1 236     SWAPPED
2 2 -28     SAME
2 3 160     SWAPPED
3 0 24   
3 1 277
3 2 -105
3 3 163